0
0
0
0
0
0
0
0
0
0
0
0
0
0
0
0
0
0
0
0
0
0
0
0
0
0
0
0
0
0
0
0
0
0
0
0
0
0
0
0
0
0
0
0
0
0
0
0
0
0
0
0
0
0
0
0
0
0
0
0
0
0
0
0
0
0
0
0
0
0
0
0
0
0
0
0
0
0
0
0
0
0
0
0
0
0
0
0
0
0
0
0
0
0
0
0
0
0
0
0
0
0
228
229
234
239
243
248
252
257
262
266
270
275
280
284
289
293
297
301
305
310
314
317
321
325
329
333
336
340
343
347
350
353
356
359
362
365
367
370
372
375
377
379
381
383
385
386
388
389
390
392
393
393
394
395
395
396
396
396
396
395
395
394
394
393
392
391
390
388
387
385
384
382
380
378
376
373
371
368
366
363
360
357
354
351
348
345
341
338
334
330
327
323
319
315
311
307
303
299
294
290
286
281
277
272
268
263
259
254
250
245
240
236
231
227
222
217
213
208
203
199
194
190
185
181
176
172
167
163
159
155
150
146
142
138
135
131
127
123
120
116
113
109
106
103
100
97
94
91
89
86
84
81
79
77
75
73
72
70
68
67
66
65
64
63
62
61
61
60
60
60
60
60
60
60
61
61
62
63
64
65
66
67
68
70
72
73
75
77
79
81
84
86
89
91
94
97
100
103
106
109
113
116
120
123
127
131
135
138
142
147
151
155
159
163
168
172
176
181
185
190
194
199
203
208
213
217
222
226
231
236
240
245
250
254
259
263
268
273
277
281
286
290
295
299
303
307
311
315
319
323
327
331
334
338
341
345
348
351
354
357
360
363
366
369
371
373
376
378
380
382
384
385
387
388
390
391
392
393
394
394
395
395
396
396
396
396
395
395
394
393
393
392
390
389
388
386
385
383
381
379
377
375
372
370
367
365
362
359
356
353
350
347
343
340
336
333
329
325
321
318
313
309
305
301
297
293
288
284
280
275
270
266
261
257
252
248
243
239
234
229
224
220
215
211
206
202
197
192
188
183
179
174
170
166
161
157
153
149
144
141
137
133
129
125
122
118
115
111
108
105
102
99
96
93
90
88
85
83
80
78
76
74
73
71
69
68
67
65
64
63
62
62
61
61
60
60
60
60
60
60
61
61
62
62
63
64
65
66
68
69
71
72
74
76
78
80
82
85
87
90
93
95
98
101
104
108
111
114
118
121
125
129
132
136
140
144
148
152
156
161
165
169
174
178
183
187
192
196
201
205
210
215
0
0
0
0
0
0
0
0
0
0
0
0
0
0
0
0
0
0
0
0
0
0
0
0
0
0
0
0
0
0
0
0
0
0
0
0
0
0
0
0
0
0
0
0
0
0
0
0
0
0
0
0
0
0
0
0
0
0
0
0
0
0
0
0
0
0
0
0
0
0
0
0
0
0
0
0
0
0
0
0
0
0
0
0
0
0
